1104
608
1180
1000
1604
720
28
520
1860
1492
848
56
132
552
328
1332
636
1500
692
604
1220
88
1224
1008
1740
968
756
1156
1192
1756
612
400
1136
1592
288
340
1628
1932
1476
356
280
1832
1968
528
1028
728
1440
1480
652
244
108
376
236
1568
968
716
1268
1508
304
1220
360
1468
40
1864
280
368
708
644
328
1604
1628
1716
1936
1304
1412
1172
1824
116
752
1864
1036
136
1044
420
1788
1712
520
924
1132
340
156
1596
1140
1044
888
172
1600
1368
1452
1760
